data = "33 32 43 38 33 33 36 34 49 36 35 33 33 33 33 33 33 33 33 33 33 33 33 33 33 33 33 33 33 33 33 33 33 33 33 33 33 33 33 33 33 33 48 33 36 34 49 36 35 33 33 33 33 33 33 33 33 33 33 33 33 33 33 33 33 33 33 33 33 33 33 33 33 33 33 33 33 33 33 33 63 33 36 34 49 36 35 33 33 33 33 33 33 33 33 33 33 33 33 33 33 33 33 33 33 33 33 33 33 33 33 33 33 33 33 33 33 33 78 33 36 34 49 36 35 33 33 33 33 33 33 33 33 33 33 33 33 33 33 33 33 33 33 33 33 33 33 33 33 33 33 33 33 33 33 33 33 34 36 34 49 36 35 33 33 33 33 33 33 33 33 33 33 33 33 33 33 33 33 33 33 33 33 33 33 33 33 33 33 33 33 33 33 33".split()
print(len(data))
data = dl645.minus33H(data)

data1 = "33 32 43 38 48 34 36 34 49 4B 35 33 33 33 33 33 33 33 33 33 33 33 33 33 33 33 33 33 33 33 33 33 33 33 33 33 33 33 33 33 33 33 63 34 36 34 49 4B 35 33 33 33 33 33 33 33 33 33 33 33 33 33 33 33 33 33 33 33 33 33 33 33 33 33 33 33 33 33 33 33 78 34 36 34 49 4B 35 33 33 33 33 33 33 33 33 33 33 33 33 33 33 33 33 33 33 33 33 33 33 33 33 33 33 33 33 33 33 33 33 35 36 34 49 4B 35 33 33 33 33 33 33 33 33 33 33 33 33 33 33 33 33 33 33 33 33 33 33 33 33 33 33 33 33 33 33 33 34".split()
print(len(data1))
data1 = dl645.minus33H(data1)

data = data[4:] + data1[4:]
print("\n"*10, data)

result = splitByLen(data, ([5] * 7 + [3]) * 9)
for item in result:
  print(item[::-1])
